% -------------------------------------------------------------------
%  Generated by MATLAB on 30-Oct-2015 00:20:48
%  MATLAB version: 8.3.0.532 (R2014a)
% -------------------------------------------------------------------
                                

EDA = 5E-9;

ERX = 5.0000000000000004E-8;

ETX = 5.0000000000000004E-8;

Efs = 1E-11;

Emp = 1.2999999999999998E-15;

Eo = 0.5;

a = 1;

do = 87.705801930702933;

m = 0.1;

n = 100;

p = 0.1;

rmax = 9999;

sink = struct;
sink.x = 50;
sink.y = 50;

xm = 100;

ym = 100;

